Постаногов
Д
0
-858993460
-858993460 -858993460 -858993460 -858993460 -858993460 -858993460 -858993460 -858993460 Постаногов
Д
0
-858993460
-858993460 -858993460 -858993460 -858993460 -858993460 -858993460 -858993460 -858993460 Постаногов
Д
0
-858993460
-858993460 -858993460 -858993460 -858993460 -858993460 -858993460 -858993460 -858993460 Постаногов
М
3373
25
5 5 5 5 5 5 5 5 Постаногов
Д
0
-858993460
-858993460 -858993460 -858993460 -858993460 -858993460 -858993460 -858993460 -858993460 Постаногов
Д
0
-858993460
-858993460 -858993460 -858993460 -858993460 -858993460 -858993460 -858993460 -858993460 Постаногов
Д
0
-858993460
-858993460 -858993460 -858993460 -858993460 -858993460 -858993460 -858993460 -858993460 Постаногов Дмитрий Сергеевич
М
3373
25
5 5 5 5 5 5 5 5 Postanogov Dmitrii Sergeevich
M
3373
25
5 5 5 5 5 5 5 5 